[General]
Method=1
L1= 1.54051
L2= 1.54433
Lm= 1.54178
r= 0.497
m= 26

[Intervals]
20.000; 60.000; 0.020; 10.5; 41; 0.025; 3.000; 1; 2; D01
